$ANSIBLE_VAULT;1.1;AES256
61626465323332313965323935613631643565646635623237643135393536636430643566373263
3363643562306532353437376434353434663664353631660a303034353836363036633537333539
61373363633337653838633430333333666535656364303264306133633064313833616235376463
3935393334333236330a393136346636396536666439613532336464343338396263356164656430
37623761393337636235303838303830373030613237643034666261376465333464663166386264
63383833383161396562646563393535613664333732303664356665366235333638656439396531
62383836376531373730623635343434356431646663396465613031646434656264633663396634
34356533633635643365393062646563306365303437653564653364656162626330633839633731
62613238653738323336376461356564386462363966663332633065356239366530303362373536
61613433346433623339373532613664666139326663316339323336373838623164653064306663
34363635336335656133636564366666396330376365363936613235663666333738646464373630
38626564323135333239363230643462386231313866353034393265393165333936646431316363
33393336383331366563656435313835653934646238303161366332663039643964313030303833
38383832303338336434663834376161636632656232633532333561666361303333363762383932
66326531613930323339393136363634333336653830356536323530306164656535646131313230
35333866316431643136383530303331333163626666666464376134393266343239653862636234
66363733313064336437323761383731306337313231333535323832326333633765356130316331
65633632373034313433633336613764303164326264623530666635393636373437376239646530
63386365663739313236393631313266326466393731646131363739626563346361336631326533
62316137623066643832643332303565656164366661346632383033393331303361623734326238
66343331393739366263623938323662653238333766323732663339363564376430633939343630
65616563343930323737303564313534623831656638323434363033343265346532633030386461
33666430396466616261613130366365323537323963393265316434333832396165616137376563
38613130646234623233303762346564323234323033306163306661386634646635383061613135
36376635343532333031336637363235663531333830666638653631383838333866326237313465
33303961623138366366303634333762363762623933613130656661363132646535336661396563
30346164633764363365656461386637646230623464613835383464653963376266316264353434
34323665363035356239616634363336353332313762393965613938616564376164356563663065
62326164393562353963373665363963633731316631303966396265363231346664643938393432
34663634616631303039343166343339643437623135346130343930316133326462656537656635
34653133336235333861383164613765643737613462626561663033663831663834656363323535
36656166383035356236316334366531633934356162353331346539313233343637656438323137
65313530306339653639613530353338306535393162666136653462323034386236643931326630
64343262363236393039663730643162373539316565393636376562666334306135386164626163
62623061313839383961366464303537396230613665343966656330666231323635316632636437
65326430663666633237386236636136303466633761663338363932386638373233613066613865
66373532636330636133663464393137663165393934326664376631643366316637316637383165
30333731643635366662373834623962303266333437363535396133376636393338343439346361
36613163643533643536386265343334333339356132616365376462343461363337646564643433
38623535613464326537383638613935386638376433663337643664653239333937643131643834
64616331663435373135613032383461316664343932323166323134376430333332666263336634
30343633636561663566663137393865316337336561623533323763656564613437663934303234
62393332343863376231653231623335333861303436643164643533623831333363383130313939
37623465643966346539643962363133616364373931323532663065353531353263303833623839
30626366393064373631363232316562313865393530623233386464373161623631373938363237
31663133613463343866613137313530323238663330303566666433353537626634373661323839
35303666663264323930656464373036336131613863613835386538343232663438366366636538
64316261306531333665303933326236623966613535623037393063626638333164303664316436
61393831393935396135373239656366626531336131363830316265663839326463333434343231
63343861373935663333356166363830386530613635363933653633623963633333373064313735
32363232653334343530373537336466323333353765313364363432373534336562346133613662
65393035313365653635653763616338373631303362336136343764313063646435633934666661
64316166653734646135396437353464653265306163353366366130373336303136383738333162
31613266343739653465646461396364613365376634333065313661653162633331616238336131
65636135666563313363633435353133616232633531336233323230613565653266326362363766
31326334626531383632656565666134346339623133376137343038343130633734663964353933
37623535373233373933316232396362333435363638303030363365303933613131623832646137
32343837633430303262393337663464356132623832366339343631663533663937636166326261
38336338373762333839373731326238303331396532356666626266386466653332323832653631
62323264666435313438366430636564373036303334666565643462363161346466663561636130
63613431373261666432653538646365643439646230633035623532613566376163643565623764
61616139633061366334666464663463333964383162313962323162633639366661316237336664
38363664326237363735333261333933626666613038383338643739323438343861333261626139
33616631343363346135656631326361653762346533323435646366633666666537626430303935
35313533336330363437316330333638613461326130666130613862303666316662326263623935
61646433616134663364636331363235353033373730633964636664373237363537663237393430
33396232376333656435383132363139353539303731316135623061653930636462383431613437
31623566613432353766303134386264386238353061396261326165646236376633656638643163
36663334346366633462633233653834353364383932313362636336643235343934356132663035
62323731613665316261373661393431343130373231303764633665303334383231663333666231
65383332326139616134396232616662363333376532393632333336626161313665373634666535
62656434306466643766333839613165303435616437333431363339383934643737376666356334
30343730653833643934333135393164663361663132633761626166326333663337343365316637
63366137333636663334616433633232633065383435613339343665316438663037343165316131
31366232643065373561366465626365383735336566363964346232643437613962346238623330
61646665313565643864313761393433613637313965376237663830386161313036363863303533
64336261653332646231363166373932303830366363386534323038383435333133643837353034
39346539346532366337613263316430396261366134336662353538656265663833386631303132
34636438353564363235393436343736313838306265326564356561386133653165386365353263
33666537323266303839313561613166343630623262326432316234643064326364663061343938
33303636653865393432313666313163363062356237313363663662343630356138386431336331
36376664373532386132346361613264393261393766356435323761366266323237383562616530
35663162633365376237353439643532313462643662613065643261626435663966653963333335
35336363646231326466656462643733623165326231353430383939393836336365376166663664
37623466306232353136366366363833326630616164623365623166656361366361626564323230
33623337636464316163633961353038643135623338306133643039393330306462373635643139
31323565383962393437653838316634353137303239396130636362306466396465386637646461
30356265656138363831306437623766626631396564306331306235373736333663343061333531
37353138393730626332356436653931353638366561643936616663613566393162356463303833
32643663366664653434393935306233666531306666666464353933336439666562323233326531
63346262646439616430653066643530643732356565373031333561633033643762343739616438
65306234303638363033646634353138383238343135363732353930613830353330306431346365
33656536313464386631393161613364646136346235313137633636356636623962353261616330
33636639663439663339643338643935646633383331613761636464306162646130303438636464
37343238666637666535386130653766396165336433613962343633366532333737363737373831
37313939366665313564306336363761396432316336353063343631363432666336373466613765
32663430396436303931313935653566386363306633643166373736643732306538656364633266
36313934336631386466623439306436323437316638376263363662616433633566383231356131
66336235376666646162366532353135326636653365316461643236623263613065366666623637
38313966623935626633626462333166326239656339333435306238383435633235356264643839
36376639313535663031366639363639356330343664613465383632613635353630343566656234
36653437323833663961633761386630303961353764363034633330326663376235626335646231
35643665643036333330363035303362643032393034633730326232633538353338383239643035
63633761343431643039316466306161336130623933353035363536326339633064353862663061
33356338346235393539353034323365333038363863653331666239643761353837386366346538
61373761353334343061663064626230393061393261353235653734343431326437366565386362
61326266636562376139666139636439363162616438626233316264336437306665396131613466
61346462396138383462333637646431343632323265346431346235633532633537363539356565
62396633663261666234663238666261306239623364393665646432623261663936343135323761
65356364346630366266663765616665643562643239656133323935396265626462663865333130
61366135656539653038393136636437383439326338343036336639313837653436333163343734
63316230386264366664623664396330663164336664323938346534633664333664616165333761
62383238393739313834633866383862386364353536353430656134393030316333353762656633
34646133636166323534306163623431353539373437343263663430376430373437306130306132
62383465633134323030346537323638353665663937376233376235643061613239663035353565
66383164616535626466343332336462353634366139353530333362633262653939653231323537
64316337396566333137376364323035646536373739623037323331343831396233373537363032
62663834323139386363393063656230616135616332336364636266386332653761636633366265
30663065333833333464316336393639616138386439393364363864663666633565656233316132
62633439653538303834383131353834366338653866386633376130636333326638343933346634
36373133373066393733323263663132363362656430643566313531343331313264616637313762
36646236653136663235373932306130313137613731353132646464313563636164383333306263
63303634396435613466636464616664373434646664336437303233383664643532663435383532
39303663383834333833626233303361376531303530373665393430396330376134356466626261
30643833656663306536356332363730613765303566626661613339333864343332306133613065
37353236383037643835303231393465646437616139663361373664396637343330653366653561
30356232313930303137633230333936373933343261333739353337303436613438306333333632
32636361366266353464383532646435656636643630323164626561346365386162613237636334
37336437643666313465613665353038613832666166323565613932323062343461663165353464
30666635356137653332666566313665313963666463646435393435643839313139643630336263
39623563343361333565346633323035626533366539346365313731353638313761386263363164
31343333623332333038313763333931383866333733323637633932623734626263653333373664
33393136366631646132356261383761326137653933656564333066656438393066636265643834
34356430643331363037643635656335383762653831626236666536333135336661313034363361
31323165313232646435356665616165346433343534306136623236623937613262623733386563
34333265666332316531333066343530303830616631663464313761303034363363303263633966
65316533363162383264343134326162616663313536303633363662663239353131323462323663
33343534663966633231656438366461333637346636656432316230373662343864643137623337
61336262396266653062653933643231356265383265626437653962366139383639396532383538
30616664666262336431353439386130303737366634373934343239376462316139376234386366
63363162646235613037663131663538616461326161636238333030656638653737633731303839
36643264626138356461643362353435623931633336646431653436303336633361376330383561
66643034636638336261316663336332343437613933376264636430383764363764316338393634
62313035353437663333333334373963333932316261633633336131323334633732363338353539
33626630656566646264393031373264343335393033643535303931376663353865356661643661
64616364316465346538653964336366623534346261396166656530303065356165386562313730
30633338313130656638336166373234663938663366366264323231336336326634663165646138
35326630366562333165613031303432666162373162633630323164633033333232313061323834
32346332333633386230316166616532343235306638343132306138313038666264623364353832
61363161373962396662613262613838393638613631393062393032396163366664656331326365
35356565343963303963326530646332623665326135613335666237636363306236663266323138
63333830346266313737383863333631643736623236643139643434653630373637623866663863
39383666653439653738636531353565653937373230643739386666666465396438376666633731
38303832333637343161653762346265393363333961623134323632356265646365333461333866
39376635303562303831613462626537666237343830626530383833333631613065643262303236
33666131396232616535623662376661623962336364353736636536383133383534356437373638
61303035333261383837393465346664393731623930333466303663366336346331666635303431
66383031626531613534613737663861373437626633313731623465326332623235646435303736
63353637376661303637653035373165643664626436396361383666636162343231393637313664
66323762356461646464353133326363316363363363373634623739343832353331306130383665
30353832616334383564353433363965356439316566653738396532626434376262313061303862
62306231393737333532386633623761316666383066343436323331333835313964616136373934
35643539326131323535333366653062393332363165636430643765636137333933333636396165
32626462646639633662633864653165303039373163396232383266643535366366323737333539
65376262326164303561316130646163373636303836313962316465653132303864666262313332
30646566643030333535323735386438636162343166343164346632643037363661306563373531
34333336636430643535376539656133633830666638623961383261633838646136323130646435
31343962363736633133303637623730303661396464373166313266343931396363333662376136
62626361313561346634633538656263663061356230303961663833383730613362386361336262
31643762363030333930373137323838333764653665623332373439383365643864336232383236
31653136323038366334313864383135616133333335636561333236653835376437383838353666
64623837306639363838313330303430623530313262616534396335316464363466646161383265
64646631353363373437393630323034356139346531643234373332666537656266333065636338
61643534636466666164333261366138383836366235356538353661393363373230393935626363
37323134616462393830386232346663313331323565393061613336303537663136316461303661
38393930613664646163303532326564313732306636396231643563626261646632643066383533
61626161376338656433326166643731396462656131663466383466663437616438633331626263
38653163306238313166616461366233643334393065343765383336393839666332303138353764
30616432383363316164333462376631383133316535656564306462623230643835303533316564
66316461363266653836623635356538353836303838323937626331663435346165333433663563
63303164356630626133313538666633316334316531333666353839323166346133313964366563
39376332636664613562303266326130633936393430343738646531373436313766376161393230
61636439373766653939646136343937636439613061326537613836383132393335363339303633
39303633616263343765383037323937613166393432616636366632373136653137336339613166
36623039376564646637633566616539336261666630613134643832643666666130653537643565
39373830353031623135626665356262303237396363383566653936313836623465373134343564
31616336316563633837663937613232653864396135326335366431366139653231303262376231
37326533393831626662613765633732346464363565333366396631303233386236663163373839
39373230636666323463326235633934663237316537386537313564633239336464373130326530
65613230666462363236343331643830376363663538616335326237623139376636343764663466
30336434633165333738363764613261633563666163626131613633333063616563643038643130
36346232663562646435613439353966633963323937323565663662363830343731396565376565
65393864383931613436356334643035336536633663373536336333666463376561306236643563
62396531663337643331313964613331353366646336343166373664666237333833646138383065
62313162346638373765633336623035383133613361643061383431396564383837393265373865
38656635303536343435316339316561306139363630333264613761386131306435383235646532
36323230373939663232326635363566653866633539353838646366376139313030343935363036
31643431653830623162663738613631313532623865356233333132613830326430373533353736
34376265323331393730613034666136353032376464623235313239303364323861356663653035
36373161633763323337643766343830313133666637363836336465633763313264363631303161
61393838356236373735646264613532376139353536316364376362303839313435373464383430
32333131353837613665313661663066396661326235653562633437613465613264323366303463
30376530373461303664653761643532616163656239386332336236636632303064326338363332
63333165656332613266393531356237636633353766333031353336336165326562336661383839
66633831616432393633373962646263666238336334653961363235613364643866303161393539
30626363356632386531343730643063333665363330313435363464613661353430386239343161
33396465356666646665353733626534353562613233343461616238316566663664373863353933
35636331313536336165643464666663353361616562373461396133623938323061373833666661
31656563646433333762313637386439356565383864306339353137393138666534306231643036
36336361396264623534396261636335306639313962653338626232383163633232646163396262
32343236346630386336643635316134336232656331313837356637366234343532386630306363
65323238346633613438613730663736383664343539376338646363613335643466313630323638
33396131646264633466656337366463623938363830663766353130613137316438613566633733
35396362666239373831333136363737613562376132633765316539333935613633613739623566
62653333386234333438353062333964333035356335643339323461326663393034613637363632
64373064306437373662326234623736626235313034353266333366396239623031623435663065
64646332663537346665346130653261356531326461643265343462353431616132326661333261
36316439613431346663616565303130336537626530616130343530396266303038306161376431
30643162316137353237353766333331316232363036383634316636663338663631313462333535
63326362363030616531393663633461393139313733393362333831303735346437343434653261
65646665353365306230363033613061613331386536663162303135653364383030626530363566
32666630633031636634363430333063383831343030386165633565656338373936303839623336
31376165376638353231613736363435336339613763336537616434303835623664343231626361
34366563353633656531333735383235303933333130646561356463623333333663643637323262
36336463333936316463373162623532613833356336633937396162326633383334626232313130
62356163396439623163623863326265633265316662653439393935636139363164663432353535
66323036613466303463313338613737633864633035383335356534346662363636623061363239
66323839376539643630366139643366313133353530303238393134343266373333663830646462
30306338303638343664633564373837386639383861343930353938393333383061636335613364
34396636643763366563363230616235323838343466346432623635663239383533356334333836
63303933623964626666646430386165643365386461353861613763363265643965653566363264
63346235643962653465356530626135306362306564653964663866663661353465376336636666
65653833643265373462613339636534386433323239386364303730393032373562323037366531
39343238323562343462643762396230623965366537663962633833383964353432366139616331
38336265326339623033363231643264336334326663393935316435376537666437653034633732
31613735313235326662306464343536636333333831666666626132333237356636666163613465
63323433653031373833343630376637313035663334666636323638666464626533386631616361
63376463623438643939343833383762353263396364343333343638356131623837316563386130
64646237376566386231663932646131663362633766383233386464313631623138656561343435
36663966353664626464356561633761353832363666363365313065363336646537333334666563
39306436326463393939663930623563666330373464666531353834303939363364633965383739
35386635393235656433663763643036373733376431303837623734646537353934633333643936
36653635373430333432646263383037346463306233356162623834653339363965326462633435
61306637343161376535613232626164633734383637313030353732383133313738363735343231
64633263393762323766326530346330643739616137393234333262316231313932663636373836
32323166393132373837363231306562353833643930323162333730633864626161316333393331
38663835626630363630303433616132666632346235316637323566643437363965393061373566
66666166643763616663363534636637373666666463396132663432353064666461373239393732
66313435613932393564356566656639653635383766623065653430363730656239346339376661
61383636663066373131646431616364336533353061366462333061366235383032336361383035
34333333626434356134393439653465333538356439646166373065303162303033623964646563
35353838656264363966333864626361393133313033356634336633626632623335376330346437
63363332376238396665313239623932366132646266306135633463626231623366633863643264
32366163373837343464346264636237666430343336303466303831363366646330363833386561
64653763376366333636316236383437633432653662366262383066333864623532633031353339
61643734333632353139313764323532656132326437383632636630393566636139653861363739
31653165636130623333323461616262633261643136636464316235623039376330633634316666
35666466363237343363303731616339316330383335313837636230616539633564666336646634
32616631346638326439346334613066353938643535356636656637366164636435346263373166
65623832653466306666353630326637363966323235353631623366613661633530633163626137
61336331356566366461343539653962323438306334323735376431656261393464313165343638
62316339346465616430383438316165303439613961373039306534663331643936323164653631
63383832643132326364643035636463663832616634336466393137356338636662376665613932
62666462613433393766666235373936666461386337363232633930343865653531373239613765
39663662626666366130313064346137656136363262656536656230373864313637623662363561
32636330393136383030353834303637316534653832633037366134336336383864643534326364
64396635636637313863343939343834336636663762616136623363653135633334623834386366
64616636373631653531326431316262383865386131316166646630343530626361636238623862
32633861643263323532613238323932636532316431303064643436613061623231353364373563
62376632306635306564326666373364343564383231333830393436316663306363396466303133
37656334373231356433373965373164656465393136393935636334376462393930386637613237
62326239643132663039393333646462626230356538326239666562333632343732333438393031
31343039613139363736613133313331396338653665323633633635386363323037336534336462
30386137333030623034333766653766313030633134623935346131316232313033363365353461
63303133653061303265366461326132383735383531343565356338656237323766303837656633
32373464613665396563313530323434366561633561396664346163323364386333356235663535
62653934353165376438306136303836336339373737326264366262353836303961643764613764
65346434623066633630333933383136353166373837626664386233326466346630626131356432
38663264616365346565396433363636323263663438336264643837663335393462323130393431
36383762373630663135383636383334393263323233353362623062303661356265626234346535
31396537356662613362303935376133616238626536333632373134646462333139343964363864
35356433353035393530383533366562323233363335636266653730623065633831633537333364
32363636663136383566316662626565343265346337663232626338636139393137333634346166
65393530366366663837326132653638366534366461303562333538393931353436666137613733
65356238396632373664626134643734353763363061363530316563363563643763366138623265
38656262656362393639643432613639663138376134386662626362393136343238303861663735
31633065326664636539663031363232316264653338346633303739663730353332666261306337
66636637386136343036303133373633316334313963376430643433316639656266316432313039
65373166333339623538613837356563613935303534323966303635613264653962303364616531
33386338653333633136343564336534326631376163323933363165363233636232613863646437
31386133653563343039363163333734646531353462333030666231393932303833356330613232
63666362663336363362343861653536376365373036623036616435333939666530623661316461
31656162393432366230343664633636363536613766373434323739363162626533383633636564
32313062626261396364343462363333646465323832363161353364643139353461323531383662
34653530653433363733623933393166636164396236356463363337653333396539333764333531
32363230323063343334656335376337636465353833346537343538666330653034303331623563
37333434633933336261656133323034623066613336633237626562313839356138346365363337
36636364393931613030626238326339623630616261666432363064346365633462333634653966
62366539323030356235633834633733393330396436356236306634383863366634326365613335
63666530393432366538643231653263623635323134356630373538646163643437633165333262
62633437653733356239383130333335373861303636626462346239653466663236333462613631
38303833303036653964343534663566323861303735356532343764636463326234643762646566
37616632323864323637326365636662646631633437303361633130656635623230376263633062
30383234376537336330353835613034383234623535396334386466646630373330326165613861
63393832393134643061653364383266343632346538326661393637356534653264333432643436
34363331613366336235626333343533313735346663633439643633323139316365373061316635
33306536663735313838326437656434396261663765366362303761646430653736353230383163
30666331393933363230383335343539653463353666643662666239636465633664616337626263
30373333643733376633316666336532656363643366663061323364636530386132333661366661
31323436393264393135353665343632373066316665386633623461623334656331393138343163
62666338613664623261366237386566343732376662613063633166383063303466323530646534
36346435353064353663396539353338373739616435356130653334386439626466396465393533
31646235333534653632383632626239306438643939613164636633623463323134636134326436
37343331393462623166643235353163376332323763636662643762663337366563613864653133
66393062346264376232363636313339616536383639373537373633653530613435373436353165
31303638623437336238383639613135643237383738393231313534626638356630313933653565
39373033303436356333646632343735613362396439363562336564393133393739363836353365
33326531346331343365383934356536663833393237393061353230643561656136333064623733
35376436653161363635333064396330623838663762363235333530333366616230393665346662
30613530373762303336653830353235346132366337343330333662373534626332313562656236
39303133323335663030383665333835333430376634326631666135343133363261333666643236
33336638623133393537646536623237373734346662373831326464613833356431383736353862
62626362323965386338656634626161376236633036653765316536636433643836613262353736
64393634363737356439626666356465346666313432336634396365376433653933396466336633
61373766363762613464656431623736613231656162623462636631316461376431383736353638
65376236333464396466633038346561653636373338396266653738363432663063653763313364
61616338643662663063336265643231366435643666373466366164626562396239373062303164
36666130626130643337376535393131646135623439346563323830613964336163633932343663
35333037313762373463653635333738343761646163306462616461616634336466376630303334
31303234343532366633393733616564623665626237373034633065323433613938393038326561
66653333636339366538323364663663623131366162396234336231383965313639386163666262
66636264346363623364313039653766336230356139643163316566663731653362306266653633
39303335626639303333306139653739663839396664316432356634646466613938336538663363
36383832633931613663393038326361303364373831643463366661633136323762656230326433
35343534343931663364626633303066633761653464386434636563613330303334663362303132
33376464306232616665303563353237393039376565386664313765353737303761353935363731
34616265336531353838343963333038383165333039623734323231623235366338636466353437
36323330656465656361343164643833626235363239383638306335666563373862366665383561
62363133396239343261336532353164626465336135396335376432323565626236393834353861
33366535396431326464343934393333343062626666613436643430373934383934616430363333
39323835343761636166613933333461333535313539383333653630616361313139383964303031
37636136363232336363373662323931373833663139393166383837356238376238353739356136
33343335393732306236626166303839386431663033393962316532653964316233666131373866
61306633663964313439656633313063636661633334386165346162363764626535333432646633
62353365303364383036323639383936313138363331633764666231373037356633353930383565
38633833313738343536336466346565303830333037303862343132623032343561633738643939
33613132373063306132356236353431363136653034323538646565653639396561346563633334
33613861663066353937643935343838373639326635343937396633383535353430653461616231
30636462623135303539623530346664646366653932326336636330306333373839383438393564
66376339326530663839333436383937313937316666313330353535363765643230366463316162
63323138666164613463376639393461303635376539363637313161323865363535396161366538
39616265393464336164316465333965326338303335646165646138646330343138366537653739
61373438653166363832323162623962623133333261323030353737316233643437343739633462
37323739653566303532343530343534633065356132656137383934346436373931313533646134
35643338336431663036346235666438646434663638363265386437623438666137663362353862
30376562396262343235643938646262613234343439333233646337636338393961336531306334
37356163323035306530363236396136333633316639663733326436396235663331366339353235
35636566346636343164633138626439323037626537623461616462633864336139323732623735
33653637613835323930373136383832396430363539326232363266356337333931646532663734
31323135326639313235613437326465353462313034343936373732663339323735666132343765
37386635623035376361393331346136663736353431653666313232626366356539363438653530
37373463376333393863396534336635366663373662613734306630643733653030346666393232
31363334386666303765356332666365393731336263613563376136303336623266356532323466
35316630323133313535656233313936376339616536656330313439346338633765393239393332
65313137323033376466653963383837336339303835643562623038376537373033333363326432
65636361663037303762343063663161623563376136653465633463323764333237656562316262
31643631666430316438313738666135316139363138623036306335393634306232373365376565
36633166343062303462333361383038343539643466633134613130346131666635393362393461
37396337646433636461333263626437363236616231653962666536303736623734636361613236
39663031333538303937656566303836333637656430323532336461353631386532623366323832
38623135666437346464666161333966313737386135316566373733376131626464353564336532
38393832633038316462623430643464646539636334306563616533613737346461326663626361
65356331653336353639303639323062663963336438353462333634316435303962376435616664
38343937626136333064326130383931613665303234386432393463306235656231376164393662
33383334656562616537363235306233656461383932353131653531626134336132656632306261
66393236306132393464333233353134363338646138626633623331653033373638356336363762
35646236333164663736373934613437353839623838613637623663613133636263343266393530
35623563383361363032333834643434313037633134616663633134363938356534356630333665
31363762386334663236363336313433306565343366646333323036366365353163643963623234
66613138626131646435663135613931383632393333643330653535356135613536356338373230
32343664323135386231363031363238616532613030663839366438626263626232313732373363
65346464646230326263303362633333393034393233663334363636376366313430323931663135
64616463643732363166303334346162383232303339646162386562366362626639356139663030
32326535383061623138343130666361306437356665353435623566353734663836626430613433
33383035356561353664386665383137323639616265353032306464343131643536623264343537
64613938343339303237656334646435356133323433356365613562363161666239366531613231
65666465353436306331303963313138326465633532356231623564343264313431666639323030
33313539313132323062613762373630623235653432333035326532363234333736313731353263
65376165396265613035346632656465356565636264366531636634316134316462643039653965
64363665643865383265323266393733313435363739373766633731346433313336623264623337
66366263653566646134343465646630353135646438396462343736326561303064636136656636
38663962303365356138626261326435613866626661366163306131656632383933313365323331
36383239666531313537663230656633663939656366353735656432653961653663656631346431
30373339623463323932323939316437623237316465366337396635373466383938616538356364
38366130363937616162623430333764336134396262366235326264656665613734626230393636
61323765346134626132326631623238623735616462373161303762613431383262373130333164
62306463343031363963393464383632346466316132306536613336313964393433653739666162
61653431333738643639663462393134626535666361366365303263643239643237343238326163
31613464646264653032633863396233353766336661366332653836323639383465333336376639
38653738383537303162386230626336656463343738336365306232303165383935643733353231
31313164623262303033303330623064373137623937376434656534633231653637366537323239
66633862616538626462343561643465346535386133646238653435353034343235393639313535
33366534343664396163393934303636653164356464313834343661646636643732613938643431
37633036373937306133643634653539343161313432326332636238663439663731346530333865
38626232333966636635616434376636326137626665366262343462336565333664643034313430
31313863303034613266633837383865636438613565313964333766343238616161353463363634
64633165316431346463613833343539303334346562623462303131363833313563373261343838
31663137326264333364666565363539343133363031346163343665393037306137363232653139
66636630623262373736393334643838653734613162353136343834366266383237663863396161
36653938336461356330363238643732636135306139366330656361666633666338666464393763
37663237663630616330373933333065336230333834346363333031376634396666666333346431
36393639633936356438373439653462323031393435393165343664313565303635653035656161
30366564653635313137363337323638666637303366396236353830653163346435326666303737
32303464636236303461366562356632633035386434623936326434613239366539396433303933
63336239353236396134356535386130343938656636646131343433313535636335653966306465
36646539396634356437313465616665656565663161643063316462316430666437653464643538
33346332656230343235626231313364633632326339616434333438396537336530653633643762
31383363356263623036316362356434626338363566636231666537376538366565623962613963
37383562313730613930646437346239336261313938373162326237653163313430343031376436
62313061316639616133336662343030363930633030396561336637653535396364333264373932
63323339366666613864383530366235656330613861636538306161313238623261623331393837
39313432376336373764353637333662666162646362393438663862376461343331623861663233
31616433653262386631353634613066663066626238653263616630316639353961303566313135
65623966353630313038663535363036383166383065656633656262393363646332633437373834
37353964366239666230323137336236666264386234313439646236363539363731636132353733
66666235616334643036386664616235373761303962633036346133363731633962656134616563
31313938386334653862643735396564633665623161643430363864303734633438623437383263
61303839623635363564626232386664666239326662313234376661303266303563353233363864
31356431666661663136333863663938386330356163383631353937663665633834326431643031
38343538663361343362333763393063396539633831306564326362303435633438393462363264
33343137363765356661643738383331346463383931663565646138383962303935356365333232
65393535363431343436663933383837646532623166386431653736643031396661316337343765
38306663646665383235633437343761366230323936383038663065663033316131653539623438
34303161343133313632653063366235373166626662653332383839303063313632623966366538
38613763336363663865386633633138653535313837343330386533383732333038363332663166
62616530356431373334313938333037343737303634343866626162373162616663376365306633
64353835343430393831626236393139666662353039393961383630396265363637633530336262
39313861366131313165353935373637663662613433366333643438373738336439306462343464
31623137383433383334356461306264346262366533613132626366363266343635333836646361
34663735643463363964373639303766393063333465633238383430306264313339326333613561
63363637353136346238303965643933363837333865646538393131376437303166353266336162
65363935343962623233653564633232663364663031336263306634396439303139656536343132
61656438383164303932656638376536386164316537636537333439346336633637633131313566
65643565386130623863346438663934613465613432666263346265616532363536323131363238
36643730646138323933653966663734666335656438383265303062643065393537306531656338
33613130376265303838633162613131396665636663313564363039353838616230653037633731
35666434663765616532376434616536663665326563626433326237643633346566376134336537
64643732643163643737346465386238353165336635656539636263316232616665653336336330
33346465633933643365313263633561663832373565626133366631333163363737663333346630
37356536356465323932323762366633356635633037626634393533666530383731383765633366
65306332326339643538633237323865313638613536366331303230303731663435663732666161
31653263386337656630636438363063366365646138356538646339663865333033313835343135
39383539653062616161616139316638393866323263643362653632313836343839316663666639
39356134616138346262653830306330353438393361643533316535623738333038313136376162
36663462633439643131616636666437363437626437653332363661636464373866303863356636
38313063636637343038363965663463313338626261643234616430343363323839616430656235
37653365633161663866633237313265393163373534353334643831626439333934396133386635
35333366653765396231626636666135633765663232316164613135323939373831393563326239
62666661613561343137376634373233663632396532303438353635633065663334643332373464
65313237343632643035393131663532313039613832613037393830396430316361643234613066
31306436636234633931616438343330353966363763663763653135383462643566663839326130
30633665353264393639376535646334396132653237623434323761643666333066343032613363
32363531383136363930316263363338633530636236623366353236356636313131393539396433
61643730373835373062613132363466656535646235643231623664333130323933386164343061
32386630663131343532613265653233313164373930353331333431633765626266376436386162
64653739303933373138303862366139623663376564313732303663326532383935326433646563
64333833643163666665616266333431646534663663626633366131643534323865373962393865
38316639333830623366346134333564373966313833373461633537613365383065386136316661
33303436383061353966333434663463666335396532653934656464373533663862653335643834
38336435396664653132313961626539643765363335663836393261616630633063343131613963
38313639616536353061616231306366323032386463393438373461636462393334656363353837
61336263613034623630623664663165373932393438623265353163623436633563356439663861
30623565373738653162396363353864636536313635326531656233663364656237643335613233
64646439363165323530636565326432623462303261636336633463663136303533393633663136
65613266396638623963666661373130373036333236303763393036343930653437623534383334
36313635373061613463356363653535633966373438383034323663663463303166613132316564
31306664376266653464363035343761393234333066323932666166316264616132626337636466
32623262333639636363323136626333653634396261393261666162346265306632303064613363
66376131396463366135306666653632346264636665326661646464373036363761303934663132
65613934636635396132393161303135643066653861396531613831333765656231326466623834
66326165653930346261353537666264383239663730393734623962343566636336363131383965
31303934656663643862386634386134613839393433306665323061343465383432313139336631
30393665333030643661656332373166396232613331393464646165636363376463616161616563
34653361643337646263343737306238373339646566666162326438366332613664613164346564
36643531663762633065386566643130643234343135663438306435613664646162353463353064
38653034633464353061613363623732333435356331383632663966653432333137323334613031
30643634316434663339333336383666353365633261336534663632656435643634303332383666
39376338653837353862656332353636306130636336383538323764653333306664643964626334
66353437306137663935393861346239343264353735343333386336383136653235323863633439
37663961653239336431373363353764346438643036323366326562333731363735316336333133
33306264653138383938353862356265393262323133356231653430633539323536373237633134
63373065656462643232646439313466646465376334656631343266383035323161313664623037
66313632663163333938643932656439643037613232383165313736383666626531666164336234
66306431316231383463303338363833626262303736393061646364383261656362343031303433
66613365306435613066616630323861636265393064666366303132626563663662323061333362
66316431386537663263383636373135623965353030366336313338306434353262656663383532
37656166306266633861363630643237356533646238313561623338333563303039396235643233
63306631643133386338373165393238343232616332366135663263383363626137313866373739
33316536353161333938326662636163366636383465303561663030323932386530633533313538
39323339633835343331353238613061663234373461653665333964386136363438313336616336
34343364646532373438613865323637356365373732306638323331333337366432323962373930
64383534356139653638363033393366343232626138383164333530383130346466626135666334
34376664373361333264313965393163643631333630653064323065383432386538666537353335
63303137643334643762613064363033376537396237386636646432383231633030336465363765
38313036346133643235336335653934663938353533383563393533326435373039363864343662
37633563613733613936666430356561653331356263646537616663646465666166623961363131
37346461616164666538383365356163343534656532393863663166626366303264366337373263
64356663303137393039393462376438353233303035396132393531333634613463623239333130
63383766313465643632353136656132353736346563373462356562353864356637333464323437
39346535666163653532306435613866373135366566666264366534383539613438323963313539
34643738383232323063663366343838646165643161653466653235613834663162336132353039
35313763353638626136663834356662313630626332316531366465323130353461623032623864
38303335613466383663366136393035346261626563666337323532306534643638656161636234
35366236643566623832323462323239363461376439626330663833356230373764396266326535
62656236616162383835636137386237333734343833346361396433613761353866633436396162
66383237666237636632616533323232346561633966386664356634323935323736306338663661
30656338666263663262643636373034353134663638336630626239356133326261396664643936
39633334646535613034353437306538653234343930363862343762343835313737356237623135
37346364303134386232363264613933653337316665363366623635643666666263393035633938
31303138353630366265626164633530356634373164643731633564363664343835663636323137
31363133626533343433666435356665613032666363356561613966363633363230653761356637
66333062396438363538396164386533336235653634373135623738386233623035396562323839
66396434633265633662323463656432616135346637376630326562343237396161313432363061
35393531663062346532313236393238313433366361336639393733653964386530623163633764
36343863376233626362653338363937316631616331623031333066636561643139366162346634
34616363326166666462663366356330323733303964373435306566653234336633326230633833
66643237626662663637396431396130313763653437656632643065633335386635343938646432
37383163373835613736376665313163393632363330633263643438383538623965333930653261
66343936303765613836646162343632353065313132303263323364356632303837303661393834
61316465336464343938346531383231633861636266343464666231333734383738623562663063
62613031613939333834653262663938306537643739386162626335396363383137636138626439
35376665313839336662636639653364636165623465666265366564363531333763656666663432
63656330626663336432663933306361613562396566373137613963656662346632346539396164
34396632363563623034326339363735653232323835616637366630626530306236663230626334
33666339376265656266656161616138313130623763336239346363626335623532613365373863
64313862343961363565383638646532346234356439333034613364373861313533333637363633
32623835356134636535323033343937383261633335616435623435343962636663383764353163
34313231333833376234656533383165366432353461663865376563653364663933343164313736
64336639313833613064313339366235613338353432346563663530393765323137356638336366
39393166366262653234663863626437306337613261353136316235633837643865316537613561
64623036333633636439633132336461653064373034313966613839613332373664313131363761
61396536396464303834613466383861633433663834303538343333303037633864363739613037
65343062323030326131383730306462373435326333323664376436616530666362643465613338
63643138616235333566666361653535623237336164613637633733313463343362643436663164
33623434356131623365366562323965396533653831333266393964393832623430306632313434
65386338303962633765353765643761363831613066666132323238633130656335346234353166
37636464633761396462653637376335653533393034313831636239306639343166623332326439
34323662333438333230326138633038313062626266336363623262633563373162383930333032
36333035386636363134633839356534303366386261353261363533656435356532316536306630
66336131386265343966643538393363393837393838663535326431373738653666376137646136
61656137646563643730343435613638313939373965613633383836356130366439626637616633
31316666323066373939353637666162396336326362653665393335623261303838313632623632
37306265636263373131383261383239623432386530386432336337653731326265313766636637
38386130316561316562643535666265353663633366666630613130323565336262636330656238
64383665663638356335633939643366326462623334393838366639353133313332666261653237
63333265323737373064356537333266336166353131343066643932383063336566616264663966
64333533353161656363613531303836633038393031653166633766363535643161613765393234
33393462373064303731373731316466616463303465343163316666646366633834646632346464
63623562346336663966626333303530383465346435303538666136653935656561613632333735
39643332373761303064303134643134643738376536626539666233386562323034373361393963
33646231303030303364646330313861376538356433323835343430333864633435313366616433
39626161636165396635366232363037336438643239376639663234306665386339386636363136
31396230633566376631383836643435353933343961333730386465633834333233366665623762
33353765313836336139663338303765396231383234323438623963323931346337623264636234
33626530363837313037616230303235633863666331383064353330333366313564306630366262
66336335343063393832383865303339316637393965366431653033366261623066316232643265
36613739326262343863396539343735663265323962666434646236636466643033383935373639
33363731323939376261316534613135383164623866373166306138646339373739353763666430
32393861663436326630656635313732343964633264386534343734396333623764363438396138
31313665666236363630656533323631343264383237313033316432393064366531626666306263
36373734356466613062383233376665666161306135656561323438326235613366633761656263
31623935303336373561396561663465366137366465356630356332613865613037313662326236
65653664633165376566336661396634666465336466326336663664396265643731396230346433
61663434363265356335646330373532353831356163653263373234333165623065613863306664
32653762666136666463613030383239613065623733363563356233613735643738383333363132
64656535356233613563323434633839626565373832626662376662653463653766633764616566
61653965613236386338643363643961393962636633336534666633386137643538393733626361
62633964613563626166343139393439343838306230633062326362303535346335306635353361
32633361356233396231386531643731386534323633343762323263393230303462623163323666
64373435633839663235353738353835326537373661356136343135323330653163623637646263
31363535363366613932356239643138653134663062323565333462303934663566383539333932
35323266366135656535353835616333633164383262383932346336393037663465613934343437
36653235336162333361346235323133393963643637303539393330656366633430663137313739
30383031326139313938613366373664656466393630386539343531306233353330643861353730
36343665346263633836643332353235313331633435386331613534333961333732383865323932
34663135393630306464646231336166343663366265663433616534613533373934363838343464
66303332626165616364336434363938643131616163623330346638343730373062396163346561
64643035383939316464633161366661386539656361393930313538323133383932306366633130
37663261303365343262393762346138366261633061623437633665343161653335343139313534
36343134316132316137633461353561383662616438383831616430336335306365656236333561
32353364386535653939306463376237303036383130313134393635646338623162383262626565
36376431666165616666633431336265396362383963373462663436376438613133623965366165
37323565663738306239373564663862643563346365363465353266623562623866353839336666
65363738663736633636363134623331346261613765356638333364656131633433633930353966
38656161316235633630356631623532376536363231333735643631663439313139373764343632
63333965653439323931396663626461303535313163356362393538656565326565353464373734
35393766323439383866346430356234633131366465353839656439303437663435383665666163
30666532393764333738303334356531313139353163633064393531613762663839653835613031
37363535386634396432623138396261653633363262653934663638343763666663326466643032
62336135323335613338316430666338633461333338636161356433316361313032396635343834
61346539356466653265363739623736626431326637666432666162666138323139626633303736
37633663646261306463333133653161316537393330626262396538396664323733643638653561
33323062616434653733626664306538666666376164316139643330343233646338363163333033
31663539303439313164373535383236353733313065323564363335366564353462303539303139
35636164386231373530326238356232383961383333363631393136346566346632643331373535
66653933333964663539366136376364376239303534363730366165346436396635636266363734
66393035636266323738376464613666373937633838346633643935383535353365636238393734
61663336313235613866386631356132346537303862313566373534313564326438323832346162
62353536373563346361373464333861623165313434396439636438623136313266646130386566
36316465356537386231663863313338663733613231666261326563636533613862393836633931
36333365626663373538326263306438626633663964373936643836653764636438383365376265
66363161613162646664396562376532353765366138613864616661393739633837393766366362
36613333306161303732633461346665373534316365396162366565383432313133616266333361
35313939346166656537343437353539393334663431323839383865626632373231386666623861
31376532306365396230656663656431326230616438613034323162656638393834633066306332
36393065326331376662653131643935643831383162643663383566323536643130373762636431
38353237636131316464663638346465353630376539616338663761326232323264643636313961
31643131653936663264623161616363396434323264656239653034656237383035353534383561
61623562366161333133316563383034653266303031353465326362616161336461356566333230
65343763653330623933356134643537633633373461656365346432326163323331663533313665
35636334383663383034373537323961303331643863323431616666386365333337336666373637
61633134313766333464373464353538356135366636393538396430333161373037383265316266
33343533333263366661643635663330316462366363643066366331656261616362326434613336
34383030393533383362653935333636356434366462653034363561316466356363353039636261
61623338313937633834643066316638613833623835346639343339353361656430623537633565
39353031393138323463343130633938633435623839613661303436653037363135333739346466
32663137623666383234326262616534653531666466346239333162366164393736366133656339
63633033383438393339353665383862626139363263326639346531336261316266326265343931
35373462656138343930346562376466653733363066343364646331316630393735643861306564
37326432326338323532633335336636633965313362336430656661313833666164613061396633
62373239393039653533383434313966316236303064653335323438343435656164393332636534
38313836336463356633626537633763656335303361336465333532306537316461623262653633
63346131313362613038353035643532346463626365373830653131346162663265393838626464
6565663265393165363034613639373563386638313865633537
